<map>
0000000000000000000000000000000000000000000000000000000000000000000000000000000000000000000000000000000000000000000000000000000000000000000000000000000000000000000000000000000000000000000000000000000000000000000000000000000000000000000000000000000000000000000000000000000000000000000000000000000000000000000000000000000000000000000000000000000000000000000000000000000000000000000000000000000000000000000000000000000000000000000000000000000000000000000000000000000000000000000000000000000000000000000000000000000000000000000000000000000000000000
0000000000000000000000000000000000000000000000000000000000000000000000000000000000000000000000000000000000000000000000000000000000000000000000000000000000000000000000000000000000000000000000000000000000000000000000000000000000000000000000000000000000000000000000000000000000000000000000000000000000000000000000000000000000000000000000000000000000000000000000000000000000000000000000000000000000000000000000000000000000000000000000000000000000000000000000000000000000000000000000000000000000000000000000000000000000000000000000000000000000000000
0000000000000000000000000000000000000000000000000000000000000000000000000000000000000000000000000000000000000000000000000000000000000000000000000000000000000000000000000000000000000000000000000000000000000000000000000000000000000000000000000000000000000000000000000000000000000000000000000000000000000000000000000000000000000000000000000000000000000000000000000000000000000000000000000000000000000000000000000000000000000000000000000000000000000000000000000000000000000000000000000000000000000000000000000000000000000000000000000000000000000000
0000000100000000000000000000000000000000000000000000000000000000000000000000000000000000000000000000000000000000000000000000000000000000000000000000000000000000000000000000000000000000000000000000000000000000000000000000000000000000000000000000000000000000000000000000000000000000000000000000000000000000000000000000000000000000000000000000000000000000000000000000000000000000000000000000000000000000000000000000000000000000000000000000000000000000000000000000000000000000000000000000000000000000000000000000000000000000000000000000000000000011
0000000101010101010101010101010101010101010101010101010101010101010101010101010101010101010101010101010101010101010101010101010101010101010101010101010101010101010101010101010101010101010101010101010101010101010101010101010101010101010101010101010101010101010101010101010101010101010101010101010101010101010101010101010101010101010101010101010101010101010101010101010101010101010101010101010101010101010101010101010101010101010101010101010101010101010101010101010101010101010101010101010101010101010101010101010101010101010101010101010101011111
0000000000000000000000000000000000000000000000000000000000000000000000000000000000000000000000000000000000000000000000000000000000000000000000000000000000000000000000000000000000000000000000000000000000000000000000000000000000000000000000000000000000000000000000000000000000000000000000000000000000000000000000000000000000000000000000000000000000000000000000000000000000000000000000000000000000000000000000000000000000000000000000000000000000000000000000000000000000000000000000000000000000000000000000000000000000000000000000000000000000000000
0000000100000100010101010001000000000100000000010101010000000000010101010100000001000001000101010100010101010001010101000000010000000001000000010000000000000001000101010101000100000000010000000000000001010101000100000100010101010000000000010101010100010101010000000000000100000000000000000001000101010101000101010101000100000100010000000001000000010001010101000101010100010101010001010101010001010101010000000100000001000101010101000000000000000000000000000000000000001111111111001100000011001111111100000011111111001100000011001111111100000000
0000000100000100010000000001000000000100000000010000010000000000000001000000000001000001000100000100010000010001000000000000010000000001000000010000000000000001000000010000000100000000010000000000000001000000000100000100010000010000000000000001000000010000010000000000000100000000000000000001000100000000000100000000000100010000010000000001000000010001000001000100000100010000000000000100000001000000000000000100000001000000010000000000000000000000000000000000000000000000110000001100000011001100000000000011000000001111000011001100000011000000
0000000100000100010000000001000000000100000000010000010000000000000001000000000001000001000100000100010000010001000000000000010000000001000000010000000000000001000000010000000100000000010000000000000001000000000100000100010000010000000000000001000000010000010000000000000100000000010000000001000100000000000100000000000100010000010000000001010001010001000001000100000100010000000000000100000001000000000000000101000101000000010000000000000000000000000000000000000000000000110000001100000011001100000000000011000000001111000011001100000011000000
0000000101010100010101010001000000000100000000010000010000000000000001000000000001010101000100000100010101010001010101000000010000000001000000010000000100000001000000010000000100000000010000000000000001010101000100000100010101010000000000000001000000010000010000000000000001000001000100000100000101010101000101010101000101000000010000000000010001000001010101000100000100010101010000000100000001010101010000000001000100000000010000000000000000000000000000000000000000000000110000001111111111001111111100000011111111001100110011001100000011000000
0000000100000100010000000001000000000100000000010000010000010100000001000000000001000001000100000100010000000001000000000000010000000001000000010100000100000101000000010000000100000000010000000000000000000001000100000100010001000000000000000001000000010000010000000000000001000001000100000100000100000000000100000000000100010000010000000000010101000001000000000100000100000000010000000100000000000000010000000001010100000000010000000000000000000000000000000000000000000000110000001100000011001100000000000011000000001100110011001100000011000000
0000000100000100010000000001000000000100000000010000010000010100000001000000000001000001000100000100010000000001000000000000010000000001000000000100010001000100000000010000000100000000010000000000000000000001000100000100010000010000000000000001000000010000010000000000000000010001000100010000000100000000000100000000000100010000010000000000000100000001000000000100000100000000010000000100000000000000010000000000010000000000010000000000000000000000000000000000000000000000110000001100000011001100000000000011000000001100001111001100000011000000
0000000100000100010000000001000000000100000000010000010000000100000001000000000001000001000100000100010000000001000000000000000100000100000000000001000000010000000101010101000101010100010101010000000000000001000100000100010000010000000000000001000000010000010000000000000000000100000001000000000100000000000100000000000100000100010000000000000100000001000000000100000100000000010000000100000000000000010000000000010000000000010000000000000000000000000000000000000000000000110000001100000011001100000000000011000000001100001111001100000011000000
0000000100000100010101010001010101000101010100010101010000010000010101010100000001000001000101010100010000000001010101000000000001010000000000000000000000000000000000000000000000000000000000000000000001010101000101010100010101010000000000000001000000010101010000000000000000000000000000000000000101010101000101010101000100000100010101010000000100000001000000000101010100010101010000000100000001010101010000000000010000000000010000000000000000000000000000000000000000000000110000001100000011001111111100000011111111001100000011001111111100000000
</map>
<tip>

</tip>